X_POS_PLOT DENSITY VELOCITY_X PRESSURE
5.000000000000000104e-03 2.000000000000000000e+00 0.000000000000000000e+00 2.000000000000000000e+05
1.499999999999999944e-02 2.000000000000000000e+00 0.000000000000000000e+00 2.000000000000000000e+05
2.500000000000000139e-02 2.000000000000000000e+00 0.000000000000000000e+00 2.000000000000000000e+05
3.500000000000000333e-02 2.000000000000000000e+00 0.000000000000000000e+00 2.000000000000000000e+05
4.499999999999999833e-02 2.000000000000000000e+00 0.000000000000000000e+00 2.000000000000000000e+05
5.500000000000000028e-02 2.000000000000000000e+00 0.000000000000000000e+00 2.000000000000000000e+05
6.500000000000000222e-02 2.000000000000000000e+00 0.000000000000000000e+00 2.000000000000000000e+05
7.499999999999999722e-02 2.000000000000000000e+00 0.000000000000000000e+00 2.000000000000000000e+05
8.500000000000000611e-02 2.000000000000000000e+00 0.000000000000000000e+00 2.000000000000000000e+05
9.500000000000000111e-02 2.000000000000000000e+00 0.000000000000000000e+00 2.000000000000000000e+05
1.049999999999999961e-01 2.000000000000000000e+00 0.000000000000000000e+00 2.000000000000000000e+05
1.150000000000000050e-01 2.000000000000000000e+00 0.000000000000000000e+00 2.000000000000000000e+05
1.250000000000000000e-01 2.000000000000000000e+00 0.000000000000000000e+00 2.000000000000000000e+05
1.350000000000000089e-01 2.000000000000000000e+00 0.000000000000000000e+00 2.000000000000000000e+05
1.449999999999999900e-01 2.000000000000000000e+00 0.000000000000000000e+00 2.000000000000000000e+05
1.549999999999999989e-01 2.000000000000000000e+00 0.000000000000000000e+00 2.000000000000000000e+05
1.650000000000000078e-01 2.000000000000000000e+00 0.000000000000000000e+00 2.000000000000000000e+05
1.750000000000000167e-01 2.000000000000000000e+00 0.000000000000000000e+00 2.000000000000000000e+05
1.849999999999999978e-01 2.000000000000000000e+00 0.000000000000000000e+00 2.000000000000000000e+05
1.950000000000000067e-01 2.000000000000000000e+00 0.000000000000000000e+00 2.000000000000000000e+05
2.050000000000000155e-01 2.000000000000000000e+00 0.000000000000000000e+00 2.000000000000000000e+05
2.149999999999999967e-01 2.000000000000000000e+00 0.000000000000000000e+00 2.000000000000000000e+05
2.250000000000000056e-01 2.000000000000000000e+00 0.000000000000000000e+00 2.000000000000000000e+05
2.350000000000000144e-01 2.000000000000000000e+00 0.000000000000000000e+00 2.000000000000000000e+05
2.449999999999999956e-01 2.000000000000000000e+00 0.000000000000000000e+00 2.000000000000000000e+05
2.550000000000000044e-01 2.000000000000000000e+00 0.000000000000000000e+00 2.000000000000000000e+05
2.650000000000000133e-01 2.000000000000000000e+00 0.000000000000000000e+00 2.000000000000000000e+05
2.750000000000000222e-01 2.000000000000000000e+00 0.000000000000000000e+00 2.000000000000000000e+05
2.850000000000000311e-01 2.000000000000000000e+00 0.000000000000000000e+00 2.000000000000000000e+05
2.949999999999999845e-01 2.000000000000000000e+00 0.000000000000000000e+00 2.000000000000000000e+05
3.049999999999999933e-01 2.000000000000000000e+00 0.000000000000000000e+00 2.000000000000000000e+05
3.150000000000000022e-01 2.000000000000000000e+00 0.000000000000000000e+00 2.000000000000000000e+05
3.250000000000000111e-01 2.000000000000000000e+00 0.000000000000000000e+00 2.000000000000000000e+05
3.350000000000000200e-01 2.000000000000000000e+00 0.000000000000000000e+00 2.000000000000000000e+05
3.450000000000000289e-01 2.000000000000000000e+00 0.000000000000000000e+00 2.000000000000000000e+05
3.549999999999999822e-01 2.000000000000000000e+00 0.000000000000000000e+00 2.000000000000000000e+05
3.649999999999999911e-01 2.000000000000000000e+00 0.000000000000000000e+00 2.000000000000000000e+05
3.750000000000000000e-01 2.000000000000000000e+00 0.000000000000000000e+00 2.000000000000000000e+05
3.850000000000000089e-01 2.000000000000000000e+00 0.000000000000000000e+00 2.000000000000000000e+05
3.950000000000000178e-01 2.000000000000000000e+00 0.000000000000000000e+00 2.000000000000000000e+05
4.050000000000000266e-01 2.000000000000000000e+00 0.000000000000000000e+00 2.000000000000000000e+05
4.150000000000000355e-01 2.000000000000000000e+00 0.000000000000000000e+00 2.000000000000000000e+05
4.249999999999999889e-01 2.000000000000000000e+00 0.000000000000000000e+00 2.000000000000000000e+05
4.349999999999999978e-01 2.000000000000000000e+00 0.000000000000000000e+00 2.000000000000000000e+05
4.450000000000000067e-01 2.000000000000000000e+00 0.000000000000000000e+00 2.000000000000000000e+05
4.550000000000000155e-01 2.000000000000000000e+00 0.000000000000000000e+00 2.000000000000000000e+05
4.650000000000000244e-01 2.000000000000000000e+00 0.000000000000000000e+00 2.000000000000000000e+05
4.750000000000000333e-01 2.000000000000000000e+00 0.000000000000000000e+00 2.000000000000000000e+05
4.849999999999999867e-01 2.000000000000000000e+00 0.000000000000000000e+00 2.000000000000000000e+05
4.949999999999999956e-01 2.000000000000000000e+00 0.000000000000000000e+00 2.000000000000000000e+05
5.050000000000000044e-01 2.000000000000000000e+00 0.000000000000000000e+00 2.000000000000000000e+05
5.150000000000000133e-01 2.000000000000000000e+00 0.000000000000000000e+00 2.000000000000000000e+05
5.250000000000000222e-01 2.000000000000000000e+00 0.000000000000000000e+00 2.000000000000000000e+05
5.350000000000000311e-01 2.000000000000000000e+00 0.000000000000000000e+00 2.000000000000000000e+05
5.450000000000000400e-01 2.000000000000000000e+00 0.000000000000000000e+00 2.000000000000000000e+05
5.550000000000000488e-01 2.000000000000000000e+00 0.000000000000000000e+00 2.000000000000000000e+05
5.650000000000000577e-01 2.000000000000000000e+00 0.000000000000000000e+00 2.000000000000000000e+05
5.750000000000000666e-01 2.000000000000000000e+00 0.000000000000000000e+00 2.000000000000000000e+05
5.849999999999999645e-01 2.000000000000000000e+00 0.000000000000000000e+00 2.000000000000000000e+05
5.949999999999999734e-01 2.000000000000000000e+00 0.000000000000000000e+00 2.000000000000000000e+05
6.049999999999999822e-01 2.000000000000000000e+00 0.000000000000000000e+00 2.000000000000000000e+05
6.149999999999999911e-01 2.000000000000000000e+00 0.000000000000000000e+00 2.000000000000000000e+05
6.250000000000000000e-01 2.000000000000000000e+00 0.000000000000000000e+00 2.000000000000000000e+05
6.350000000000000089e-01 1.959504572707800651e+00 7.638115564495109311e+00 1.943536922256141552e+05
6.450000000000000178e-01 1.916074264678643280e+00 1.597144889782844324e+01 1.883498482505236752e+05
6.550000000000000266e-01 1.873417461859238076e+00 2.430478223116182335e+01 1.825056825023543788e+05
6.650000000000000355e-01 1.831523785686580252e+00 3.263811556449515905e+01 1.768176401754650287e+05
6.750000000000000444e-01 1.790382950852438260e+00 4.097144889782849475e+01 1.712822300587488862e+05
6.850000000000000533e-01 1.749984764882500210e+00 4.930478223116182335e+01 1.658960236785222660e+05
6.950000000000000622e-01 1.710319127715512977e+00 5.763811556449515905e+01 1.606556544491482491e+05
7.049999999999999600e-01 1.671376031282432395e+00 6.597144889782839527e+01 1.555578168313629285e+05
7.149999999999999689e-01 1.633145559085552367e+00 7.430478223116178071e+01 1.505992654982652457e+05
7.249999999999999778e-01 1.595617885777667055e+00 8.263811556449510931e+01 1.457768145089413738e+05
7.349999999999999867e-01 1.558783276741190882e+00 9.097144889782845212e+01 1.410873364896802523e+05
7.449999999999999956e-01 1.551608179649565100e+00 9.261301475943170658e+01 1.401789770179879270e+05
7.550000000000000044e-01 1.551608179649565100e+00 9.261301475943170658e+01 1.401789770179879270e+05
7.650000000000000133e-01 1.551608179649565100e+00 9.261301475943170658e+01 1.401789770179879270e+05
7.750000000000000222e-01 1.551608179649565100e+00 9.261301475943170658e+01 1.401789770179879270e+05
7.850000000000000311e-01 1.551608179649565100e+00 9.261301475943170658e+01 1.401789770179879270e+05
7.950000000000000400e-01 1.551608179649565100e+00 9.261301475943170658e+01 1.401789770179879270e+05
8.050000000000000488e-01 1.551608179649565100e+00 9.261301475943170658e+01 1.401789770179879270e+05
8.150000000000000577e-01 1.551608179649565100e+00 9.261301475943170658e+01 1.401789770179879270e+05
8.250000000000000666e-01 1.551608179649565100e+00 9.261301475943170658e+01 1.401789770179879270e+05
8.349999999999999645e-01 1.551608179649565100e+00 9.261301475943170658e+01 1.401789770179879270e+05
8.449999999999999734e-01 1.551608179649565100e+00 9.261301475943170658e+01 1.401789770179879270e+05
8.549999999999999822e-01 1.551608179649565100e+00 9.261301475943170658e+01 1.401789770179879270e+05
8.649999999999999911e-01 1.551608179649565100e+00 9.261301475943170658e+01 1.401789770179879270e+05
8.750000000000000000e-01 1.551608179649565100e+00 9.261301475943170658e+01 1.401789770179879270e+05
8.850000000000000089e-01 1.551608179649565100e+00 9.261301475943170658e+01 1.401789770179879270e+05
8.950000000000000178e-01 1.551608179649565100e+00 9.261301475943170658e+01 1.401789770179879270e+05
9.050000000000000266e-01 1.551608179649565100e+00 9.261301475943170658e+01 1.401789770179879270e+05
9.150000000000000355e-01 1.551608179649565100e+00 9.261301475943170658e+01 1.401789770179879270e+05
9.250000000000000444e-01 1.551608179649565100e+00 9.261301475943170658e+01 1.401789770179879270e+05
9.350000000000000533e-01 1.551608179649565100e+00 9.261301475943170658e+01 1.401789770179879270e+05
9.450000000000000622e-01 1.551608179649565100e+00 9.261301475943170658e+01 1.401789770179879270e+05
9.550000000000000711e-01 1.551608179649565100e+00 9.261301475943170658e+01 1.401789770179879270e+05
9.649999999999999689e-01 1.551608179649565100e+00 9.261301475943170658e+01 1.401789770179879270e+05
9.749999999999999778e-01 1.551608179649565100e+00 9.261301475943170658e+01 1.401789770179879270e+05
9.849999999999999867e-01 1.551608179649565100e+00 9.261301475943170658e+01 1.401789770179879270e+05
9.949999999999999956e-01 1.551608179649565100e+00 9.261301475943170658e+01 1.401789770179879270e+05
1.005000000000000115e+00 1.551608179649565100e+00 9.261301475943170658e+01 1.401789770179879270e+05
1.015000000000000124e+00 1.551608179649565100e+00 9.261301475943170658e+01 1.401789770179879270e+05
1.024999999999999911e+00 1.551608179649565100e+00 9.261301475943170658e+01 1.401789770179879270e+05
1.034999999999999920e+00 1.551608179649565100e+00 9.261301475943170658e+01 1.401789770179879270e+05
1.044999999999999929e+00 1.551608179649565100e+00 9.261301475943170658e+01 1.401789770179879270e+05
1.054999999999999938e+00 1.551608179649565100e+00 9.261301475943170658e+01 1.401789770179879270e+05
1.064999999999999947e+00 1.551608179649565100e+00 9.261301475943170658e+01 1.401789770179879270e+05
1.074999999999999956e+00 1.551608179649565100e+00 9.261301475943170658e+01 1.401789770179879270e+05
1.084999999999999964e+00 1.551608179649565100e+00 9.261301475943170658e+01 1.401789770179879270e+05
1.094999999999999973e+00 1.271413930046080720e+00 9.261301475943170658e+01 1.401789770179879270e+05
1.104999999999999982e+00 1.271413930046080720e+00 9.261301475943170658e+01 1.401789770179879270e+05
1.114999999999999991e+00 1.271413930046080720e+00 9.261301475943170658e+01 1.401789770179879270e+05
1.125000000000000000e+00 1.271413930046080720e+00 9.261301475943170658e+01 1.401789770179879270e+05
1.135000000000000009e+00 1.271413930046080720e+00 9.261301475943170658e+01 1.401789770179879270e+05
1.145000000000000018e+00 1.271413930046080720e+00 9.261301475943170658e+01 1.401789770179879270e+05
1.155000000000000027e+00 1.271413930046080720e+00 9.261301475943170658e+01 1.401789770179879270e+05
1.165000000000000036e+00 1.271413930046080720e+00 9.261301475943170658e+01 1.401789770179879270e+05
1.175000000000000044e+00 1.271413930046080720e+00 9.261301475943170658e+01 1.401789770179879270e+05
1.185000000000000053e+00 1.271413930046080720e+00 9.261301475943170658e+01 1.401789770179879270e+05
1.195000000000000062e+00 1.271413930046080720e+00 9.261301475943170658e+01 1.401789770179879270e+05
1.205000000000000071e+00 1.271413930046080720e+00 9.261301475943170658e+01 1.401789770179879270e+05
1.215000000000000080e+00 1.271413930046080720e+00 9.261301475943170658e+01 1.401789770179879270e+05
1.225000000000000089e+00 1.271413930046080720e+00 9.261301475943170658e+01 1.401789770179879270e+05
1.235000000000000098e+00 1.271413930046080720e+00 9.261301475943170658e+01 1.401789770179879270e+05
1.245000000000000107e+00 1.271413930046080720e+00 9.261301475943170658e+01 1.401789770179879270e+05
1.255000000000000115e+00 1.271413930046080720e+00 9.261301475943170658e+01 1.401789770179879270e+05
1.265000000000000124e+00 1.271413930046080720e+00 9.261301475943170658e+01 1.401789770179879270e+05
1.275000000000000133e+00 1.271413930046080720e+00 9.261301475943170658e+01 1.401789770179879270e+05
1.284999999999999920e+00 1.271413930046080720e+00 9.261301475943170658e+01 1.401789770179879270e+05
1.294999999999999929e+00 1.271413930046080720e+00 9.261301475943170658e+01 1.401789770179879270e+05
1.304999999999999938e+00 1.271413930046080720e+00 9.261301475943170658e+01 1.401789770179879270e+05
1.314999999999999947e+00 1.271413930046080720e+00 9.261301475943170658e+01 1.401789770179879270e+05
1.324999999999999956e+00 1.271413930046080720e+00 9.261301475943170658e+01 1.401789770179879270e+05
1.334999999999999964e+00 1.271413930046080720e+00 9.261301475943170658e+01 1.401789770179879270e+05
1.344999999999999973e+00 1.271413930046080720e+00 9.261301475943170658e+01 1.401789770179879270e+05
1.354999999999999982e+00 1.271413930046080720e+00 9.261301475943170658e+01 1.401789770179879270e+05
1.364999999999999991e+00 1.271413930046080720e+00 9.261301475943170658e+01 1.401789770179879270e+05
1.375000000000000000e+00 1.271413930046080720e+00 9.261301475943170658e+01 1.401789770179879270e+05
1.385000000000000009e+00 1.271413930046080720e+00 9.261301475943170658e+01 1.401789770179879270e+05
1.395000000000000018e+00 1.271413930046080720e+00 9.261301475943170658e+01 1.401789770179879270e+05
1.405000000000000027e+00 1.271413930046080720e+00 9.261301475943170658e+01 1.401789770179879270e+05
1.415000000000000036e+00 1.271413930046080720e+00 9.261301475943170658e+01 1.401789770179879270e+05
1.425000000000000044e+00 1.271413930046080720e+00 9.261301475943170658e+01 1.401789770179879270e+05
1.435000000000000053e+00 1.000000000000000000e+00 0.000000000000000000e+00 1.000000000000000000e+05
1.445000000000000062e+00 1.000000000000000000e+00 0.000000000000000000e+00 1.000000000000000000e+05
1.455000000000000071e+00 1.000000000000000000e+00 0.000000000000000000e+00 1.000000000000000000e+05
1.465000000000000080e+00 1.000000000000000000e+00 0.000000000000000000e+00 1.000000000000000000e+05
1.475000000000000089e+00 1.000000000000000000e+00 0.000000000000000000e+00 1.000000000000000000e+05
1.485000000000000098e+00 1.000000000000000000e+00 0.000000000000000000e+00 1.000000000000000000e+05
1.495000000000000107e+00 1.000000000000000000e+00 0.000000000000000000e+00 1.000000000000000000e+05
1.505000000000000115e+00 1.000000000000000000e+00 0.000000000000000000e+00 1.000000000000000000e+05
1.515000000000000124e+00 1.000000000000000000e+00 0.000000000000000000e+00 1.000000000000000000e+05
1.525000000000000133e+00 1.000000000000000000e+00 0.000000000000000000e+00 1.000000000000000000e+05
1.535000000000000142e+00 1.000000000000000000e+00 0.000000000000000000e+00 1.000000000000000000e+05
1.544999999999999929e+00 1.000000000000000000e+00 0.000000000000000000e+00 1.000000000000000000e+05
1.554999999999999938e+00 1.000000000000000000e+00 0.000000000000000000e+00 1.000000000000000000e+05
1.564999999999999947e+00 1.000000000000000000e+00 0.000000000000000000e+00 1.000000000000000000e+05
1.574999999999999956e+00 1.000000000000000000e+00 0.000000000000000000e+00 1.000000000000000000e+05
1.584999999999999964e+00 1.000000000000000000e+00 0.000000000000000000e+00 1.000000000000000000e+05
1.594999999999999973e+00 1.000000000000000000e+00 0.000000000000000000e+00 1.000000000000000000e+05
1.604999999999999982e+00 1.000000000000000000e+00 0.000000000000000000e+00 1.000000000000000000e+05
1.614999999999999991e+00 1.000000000000000000e+00 0.000000000000000000e+00 1.000000000000000000e+05
1.625000000000000000e+00 1.000000000000000000e+00 0.000000000000000000e+00 1.000000000000000000e+05
1.635000000000000009e+00 1.000000000000000000e+00 0.000000000000000000e+00 1.000000000000000000e+05
1.645000000000000018e+00 1.000000000000000000e+00 0.000000000000000000e+00 1.000000000000000000e+05
1.655000000000000027e+00 1.000000000000000000e+00 0.000000000000000000e+00 1.000000000000000000e+05
1.665000000000000036e+00 1.000000000000000000e+00 0.000000000000000000e+00 1.000000000000000000e+05
1.675000000000000044e+00 1.000000000000000000e+00 0.000000000000000000e+00 1.000000000000000000e+05
1.685000000000000053e+00 1.000000000000000000e+00 0.000000000000000000e+00 1.000000000000000000e+05
1.695000000000000062e+00 1.000000000000000000e+00 0.000000000000000000e+00 1.000000000000000000e+05
1.705000000000000071e+00 1.000000000000000000e+00 0.000000000000000000e+00 1.000000000000000000e+05
1.715000000000000080e+00 1.000000000000000000e+00 0.000000000000000000e+00 1.000000000000000000e+05
1.725000000000000089e+00 1.000000000000000000e+00 0.000000000000000000e+00 1.000000000000000000e+05
1.735000000000000098e+00 1.000000000000000000e+00 0.000000000000000000e+00 1.000000000000000000e+05
1.745000000000000107e+00 1.000000000000000000e+00 0.000000000000000000e+00 1.000000000000000000e+05
1.755000000000000115e+00 1.000000000000000000e+00 0.000000000000000000e+00 1.000000000000000000e+05
1.765000000000000124e+00 1.000000000000000000e+00 0.000000000000000000e+00 1.000000000000000000e+05
1.775000000000000133e+00 1.000000000000000000e+00 0.000000000000000000e+00 1.000000000000000000e+05
1.785000000000000142e+00 1.000000000000000000e+00 0.000000000000000000e+00 1.000000000000000000e+05
1.794999999999999929e+00 1.000000000000000000e+00 0.000000000000000000e+00 1.000000000000000000e+05
1.804999999999999938e+00 1.000000000000000000e+00 0.000000000000000000e+00 1.000000000000000000e+05
1.814999999999999947e+00 1.000000000000000000e+00 0.000000000000000000e+00 1.000000000000000000e+05
1.824999999999999956e+00 1.000000000000000000e+00 0.000000000000000000e+00 1.000000000000000000e+05
1.834999999999999964e+00 1.000000000000000000e+00 0.000000000000000000e+00 1.000000000000000000e+05
1.844999999999999973e+00 1.000000000000000000e+00 0.000000000000000000e+00 1.000000000000000000e+05
1.854999999999999982e+00 1.000000000000000000e+00 0.000000000000000000e+00 1.000000000000000000e+05
1.864999999999999991e+00 1.000000000000000000e+00 0.000000000000000000e+00 1.000000000000000000e+05
1.875000000000000000e+00 1.000000000000000000e+00 0.000000000000000000e+00 1.000000000000000000e+05
1.885000000000000009e+00 1.000000000000000000e+00 0.000000000000000000e+00 1.000000000000000000e+05
1.895000000000000018e+00 1.000000000000000000e+00 0.000000000000000000e+00 1.000000000000000000e+05
1.905000000000000027e+00 1.000000000000000000e+00 0.000000000000000000e+00 1.000000000000000000e+05
1.915000000000000036e+00 1.000000000000000000e+00 0.000000000000000000e+00 1.000000000000000000e+05
1.925000000000000044e+00 1.000000000000000000e+00 0.000000000000000000e+00 1.000000000000000000e+05
1.935000000000000053e+00 1.000000000000000000e+00 0.000000000000000000e+00 1.000000000000000000e+05
1.945000000000000062e+00 1.000000000000000000e+00 0.000000000000000000e+00 1.000000000000000000e+05
1.955000000000000071e+00 1.000000000000000000e+00 0.000000000000000000e+00 1.000000000000000000e+05
1.965000000000000080e+00 1.000000000000000000e+00 0.000000000000000000e+00 1.000000000000000000e+05
1.975000000000000089e+00 1.000000000000000000e+00 0.000000000000000000e+00 1.000000000000000000e+05
1.985000000000000098e+00 1.000000000000000000e+00 0.000000000000000000e+00 1.000000000000000000e+05
1.995000000000000107e+00 1.000000000000000000e+00 0.000000000000000000e+00 1.000000000000000000e+05
